onset	duration	sample	value
1.01	n/a	505	250
1.072	n/a	536	131
9.088	n/a	4544	130
12.306	n/a	6153	250
12.37	n/a	6185	103
13.39	n/a	6695	101
14.29	n/a	7145	11
14.692	n/a	7346	12
15.092	n/a	7546	13
15.492	n/a	7746	14
15.892	n/a	7946	15
16.292	n/a	8146	16
17.092	n/a	8546	102
18.082	n/a	9041	251
19.094	n/a	9547	103
20.116	n/a	10058	101
21.016	n/a	10508	41
21.416	n/a	10708	42
21.816	n/a	10908	43
22.216	n/a	11108	44
22.616	n/a	11308	45
23.018	n/a	11509	98
23.438	n/a	11719	98
23.858	n/a	11929	46
24.658	n/a	12329	102
26.334	n/a	13167	252
27.35	n/a	13675	103
28.37	n/a	14185	101
29.272	n/a	14636	31
29.672	n/a	14836	32
30.072	n/a	15036	33
30.472	n/a	15236	34
30.872	n/a	15436	35
31.274	n/a	15637	98
31.694	n/a	15847	36
32.494	n/a	16247	102
33.846	n/a	16923	252
34.856	n/a	17428	103
35.876	n/a	17938	101
36.778	n/a	18389	21
37.178	n/a	18589	98
37.598	n/a	18799	22
37.998	n/a	18999	23
38.398	n/a	19199	24
38.798	n/a	19399	25
39.198	n/a	19599	26
40	n/a	20000	102
41.09	n/a	20545	251
42.1	n/a	21050	103
43.122	n/a	21561	101
44.022	n/a	22011	71
44.422	n/a	22211	72
44.822	n/a	22411	73
45.224	n/a	22612	74
45.624	n/a	22812	75
46.024	n/a	23012	76
46.824	n/a	23412	102
48.314	n/a	24157	252
49.326	n/a	24663	103
50.346	n/a	25173	101
51.248	n/a	25624	41
51.648	n/a	25824	98
52.068	n/a	26034	42
52.468	n/a	26234	43
52.868	n/a	26434	44
53.268	n/a	26634	45
53.67	n/a	26835	46
54.47	n/a	27235	102
56.322	n/a	28161	252
57.332	n/a	28666	103
58.352	n/a	29176	101
59.254	n/a	29627	31
59.654	n/a	29827	32
60.054	n/a	30027	33
60.454	n/a	30227	34
60.854	n/a	30427	35
61.254	n/a	30627	36
62.056	n/a	31028	102
63.738	n/a	31869	252
64.748	n/a	32374	103
65.768	n/a	32884	101
66.668	n/a	33334	51
67.068	n/a	33534	52
67.47	n/a	33735	53
67.87	n/a	33935	54
68.27	n/a	34135	55
68.67	n/a	34335	56
69.47	n/a	34735	102
70.178	n/a	35089	251
71.192	n/a	35596	103
72.212	n/a	36106	101
73.114	n/a	36557	21
73.514	n/a	36757	98
73.934	n/a	36967	22
74.334	n/a	37167	23
74.734	n/a	37367	24
75.134	n/a	37567	25
75.534	n/a	37767	26
76.336	n/a	38168	102
76.93	n/a	38465	251
77.946	n/a	38973	103
78.968	n/a	39484	101
79.868	n/a	39934	31
80.268	n/a	40134	32
80.668	n/a	40334	33
81.068	n/a	40534	34
81.47	n/a	40735	35
81.87	n/a	40935	98
82.29	n/a	41145	98
82.71	n/a	41355	98
83.13	n/a	41565	36
83.93	n/a	41965	102
85.074	n/a	42537	252
86.082	n/a	43041	103
87.104	n/a	43552	101
88.004	n/a	44002	11
88.404	n/a	44202	12
88.804	n/a	44402	13
89.204	n/a	44602	14
89.606	n/a	44803	15
90.006	n/a	45003	98
90.426	n/a	45213	98
90.846	n/a	45423	16
91.646	n/a	45823	102
92.698	n/a	46349	251
93.708	n/a	46854	103
94.728	n/a	47364	101
95.63	n/a	47815	61
96.03	n/a	48015	62
96.43	n/a	48215	63
96.83	n/a	48415	64
97.23	n/a	48615	65
97.63	n/a	48815	98
98.052	n/a	49026	98
98.472	n/a	49236	66
99.272	n/a	49636	102
100.25	n/a	50125	251
101.264	n/a	50632	103
102.284	n/a	51142	101
103.184	n/a	51592	71
103.586	n/a	51793	72
103.986	n/a	51993	73
104.386	n/a	52193	74
104.786	n/a	52393	75
105.186	n/a	52593	98
105.606	n/a	52803	76
106.408	n/a	53204	102
107.394	n/a	53697	252
108.408	n/a	54204	103
109.43	n/a	54715	101
110.33	n/a	55165	21
110.73	n/a	55365	22
111.13	n/a	55565	23
111.53	n/a	55765	24
111.932	n/a	55966	25
112.332	n/a	56166	26
113.132	n/a	56566	102
114.098	n/a	57049	251
115.114	n/a	57557	103
116.134	n/a	58067	101
117.034	n/a	58517	11
117.436	n/a	58718	12
117.836	n/a	58918	13
118.236	n/a	59118	14
118.636	n/a	59318	15
119.036	n/a	59518	98
119.456	n/a	59728	16
120.258	n/a	60129	102
121.026	n/a	60513	251
122.038	n/a	61019	103
123.06	n/a	61530	101
123.96	n/a	61980	81
124.36	n/a	62180	98
124.78	n/a	62390	82
125.18	n/a	62590	83
125.582	n/a	62791	84
125.982	n/a	62991	85
126.382	n/a	63191	86
127.182	n/a	63591	102
128.382	n/a	64191	252
129.394	n/a	64697	103
130.414	n/a	65207	101
131.316	n/a	65658	41
131.716	n/a	65858	42
132.116	n/a	66058	43
132.516	n/a	66258	44
132.916	n/a	66458	45
133.316	n/a	66658	98
133.736	n/a	66868	98
134.158	n/a	67079	98
134.578	n/a	67289	46
135.378	n/a	67689	102
136.722	n/a	68361	252
137.74	n/a	68870	103
138.76	n/a	69380	101
139.662	n/a	69831	71
140.062	n/a	70031	72
140.462	n/a	70231	73
140.862	n/a	70431	74
141.262	n/a	70631	75
141.662	n/a	70831	98
142.084	n/a	71042	76
142.884	n/a	71442	102
144.486	n/a	72243	252
145.496	n/a	72748	103
146.516	n/a	73258	101
147.416	n/a	73708	61
147.818	n/a	73909	98
148.238	n/a	74119	62
148.638	n/a	74319	63
149.038	n/a	74519	64
149.438	n/a	74719	65
149.838	n/a	74919	98
150.258	n/a	75129	98
150.68	n/a	75340	98
151.1	n/a	75550	66
151.9	n/a	75950	102
153.102	n/a	76551	251
154.112	n/a	77056	103
155.132	n/a	77566	101
156.034	n/a	78017	81
156.434	n/a	78217	98
156.854	n/a	78427	82
157.254	n/a	78627	83
157.654	n/a	78827	84
158.054	n/a	79027	85
158.454	n/a	79227	86
159.256	n/a	79628	102
160.422	n/a	80211	251
161.436	n/a	80718	103
162.458	n/a	81229	101
163.358	n/a	81679	31
163.758	n/a	81879	98
164.178	n/a	82089	32
164.58	n/a	82290	33
164.98	n/a	82490	34
165.38	n/a	82690	35
165.78	n/a	82890	36
166.58	n/a	83290	102
169.554	n/a	84777	251
170.564	n/a	85282	103
171.584	n/a	85792	101
172.484	n/a	86242	51
172.886	n/a	86443	98
173.306	n/a	86653	52
173.706	n/a	86853	53
174.106	n/a	87053	54
174.506	n/a	87253	55
174.906	n/a	87453	98
175.326	n/a	87663	98
175.748	n/a	87874	56
176.548	n/a	88274	102
177.106	n/a	88553	251
178.118	n/a	89059	103
179.14	n/a	89570	101
180.04	n/a	90020	11
180.44	n/a	90220	98
180.86	n/a	90430	12
181.262	n/a	90631	13
181.662	n/a	90831	14
182.062	n/a	91031	15
182.462	n/a	91231	16
183.262	n/a	91631	102
184.358	n/a	92179	251
185.374	n/a	92687	103
186.394	n/a	93197	101
187.296	n/a	93648	71
187.696	n/a	93848	72
188.096	n/a	94048	73
188.496	n/a	94248	74
188.896	n/a	94448	75
189.296	n/a	94648	98
189.718	n/a	94859	76
190.518	n/a	95259	102
191.126	n/a	95563	252
192.14	n/a	96070	103
193.16	n/a	96580	101
194.06	n/a	97030	51
194.46	n/a	97230	52
194.86	n/a	97430	53
195.262	n/a	97631	54
195.662	n/a	97831	55
196.062	n/a	98031	98
196.482	n/a	98241	56
197.282	n/a	98641	102
197.974	n/a	98987	251
198.984	n/a	99492	103
200.004	n/a	100002	101
200.906	n/a	100453	71
201.306	n/a	100653	98
201.726	n/a	100863	72
202.126	n/a	101063	73
202.526	n/a	101263	74
202.926	n/a	101463	75
203.328	n/a	101664	98
203.748	n/a	101874	76
204.548	n/a	102274	102
207.282	n/a	103641	252
208.29	n/a	104145	103
209.312	n/a	104656	101
210.212	n/a	105106	41
210.612	n/a	105306	98
211.032	n/a	105516	42
211.432	n/a	105716	43
211.834	n/a	105917	44
212.234	n/a	106117	45
212.634	n/a	106317	98
213.054	n/a	106527	46
213.854	n/a	106927	102
216.898	n/a	108449	251
217.908	n/a	108954	103
218.928	n/a	109464	101
219.83	n/a	109915	81
220.23	n/a	110115	82
220.63	n/a	110315	83
221.03	n/a	110515	84
221.43	n/a	110715	85
221.83	n/a	110915	98
222.25	n/a	111125	86
223.052	n/a	111526	102
225.514	n/a	112757	252
226.524	n/a	113262	103
227.544	n/a	113772	101
228.446	n/a	114223	11
228.846	n/a	114423	12
229.246	n/a	114623	13
229.646	n/a	114823	14
230.046	n/a	115023	15
230.446	n/a	115223	98
230.866	n/a	115433	98
231.288	n/a	115644	98
231.708	n/a	115854	16
232.508	n/a	116254	102
233.102	n/a	116551	251
234.12	n/a	117060	103
235.14	n/a	117570	101
236.04	n/a	118020	81
236.442	n/a	118221	98
236.862	n/a	118431	82
237.262	n/a	118631	83
237.662	n/a	118831	84
238.062	n/a	119031	85
238.462	n/a	119231	98
238.882	n/a	119441	98
239.304	n/a	119652	86
240.104	n/a	120052	102
242.33	n/a	121165	251
243.346	n/a	121673	103
244.366	n/a	122183	101
245.268	n/a	122634	21
245.668	n/a	122834	98
246.088	n/a	123044	22
246.488	n/a	123244	23
246.888	n/a	123444	24
247.288	n/a	123644	25
247.69	n/a	123845	98
248.11	n/a	124055	98
248.53	n/a	124265	26
249.33	n/a	124665	102
250.322	n/a	125161	251
251.332	n/a	125666	103
252.352	n/a	126176	101
253.254	n/a	126627	61
253.654	n/a	126827	98
254.074	n/a	127037	62
254.474	n/a	127237	63
254.874	n/a	127437	64
255.274	n/a	127637	65
255.674	n/a	127837	98
256.096	n/a	128048	98
256.516	n/a	128258	98
256.936	n/a	128468	98
257.356	n/a	128678	66
258.156	n/a	129078	102
258.258	n/a	129129	251
259.268	n/a	129634	103
260.288	n/a	130144	101
261.188	n/a	130594	51
261.59	n/a	130795	52
261.99	n/a	130995	53
262.39	n/a	131195	54
262.79	n/a	131395	55
263.19	n/a	131595	98
263.61	n/a	131805	98
264.03	n/a	132015	98
264.452	n/a	132226	98
264.872	n/a	132436	56
265.672	n/a	132836	102
266.498	n/a	133249	251
267.514	n/a	133757	103
268.534	n/a	134267	101
269.434	n/a	134717	81
269.836	n/a	134918	82
270.236	n/a	135118	83
270.636	n/a	135318	84
271.036	n/a	135518	85
271.436	n/a	135718	98
271.856	n/a	135928	86
272.658	n/a	136329	102
274.638	n/a	137319	252
275.65	n/a	137825	103
276.67	n/a	138335	101
277.57	n/a	138785	71
277.97	n/a	138985	72
278.372	n/a	139186	73
278.772	n/a	139386	74
279.172	n/a	139586	75
279.572	n/a	139786	98
279.992	n/a	139996	98
280.412	n/a	140206	76
281.214	n/a	140607	102
282.69	n/a	141345	251
283.706	n/a	141853	130
286.708	n/a	143354	130
291.862	n/a	145931	250
292.872	n/a	146436	103
293.892	n/a	146946	101
294.792	n/a	147396	31
295.194	n/a	147597	32
295.594	n/a	147797	33
295.994	n/a	147997	34
296.394	n/a	148197	35
296.794	n/a	148397	98
297.214	n/a	148607	98
297.636	n/a	148818	36
298.436	n/a	149218	102
300.43	n/a	150215	251
301.448	n/a	150724	103
302.468	n/a	151234	101
303.37	n/a	151685	41
303.77	n/a	151885	98
304.19	n/a	152095	42
304.59	n/a	152295	43
304.99	n/a	152495	44
305.39	n/a	152695	45
305.79	n/a	152895	98
306.212	n/a	153106	46
307.012	n/a	153506	102
307.902	n/a	153951	252
308.914	n/a	154457	103
309.934	n/a	154967	101
310.834	n/a	155417	41
311.234	n/a	155617	42
311.636	n/a	155818	43
312.036	n/a	156018	44
312.436	n/a	156218	45
312.836	n/a	156418	46
313.636	n/a	156818	102
315.802	n/a	157901	251
316.818	n/a	158409	103
317.84	n/a	158920	101
318.74	n/a	159370	11
319.14	n/a	159570	98
319.56	n/a	159780	12
319.962	n/a	159981	13
320.362	n/a	160181	14
320.762	n/a	160381	15
321.162	n/a	160581	98
321.582	n/a	160791	98
322.002	n/a	161001	16
322.804	n/a	161402	102
323.506	n/a	161753	251
324.514	n/a	162257	103
325.536	n/a	162768	101
326.436	n/a	163218	11
326.836	n/a	163418	98
327.256	n/a	163628	12
327.656	n/a	163828	13
328.058	n/a	164029	14
328.458	n/a	164229	15
328.858	n/a	164429	98
329.278	n/a	164639	98
329.698	n/a	164849	98
330.118	n/a	165059	98
330.538	n/a	165269	16
331.34	n/a	165670	102
332.862	n/a	166431	251
333.872	n/a	166936	103
334.892	n/a	167446	101
335.792	n/a	167896	11
336.192	n/a	168096	98
336.614	n/a	168307	12
337.014	n/a	168507	13
337.414	n/a	168707	14
337.814	n/a	168907	15
338.214	n/a	169107	16
339.014	n/a	169507	102
339.51	n/a	169755	251
340.526	n/a	170263	103
341.546	n/a	170773	101
342.448	n/a	171224	71
342.848	n/a	171424	72
343.248	n/a	171624	73
343.648	n/a	171824	74
344.048	n/a	172024	75
344.448	n/a	172224	76
345.25	n/a	172625	102
346.378	n/a	173189	252
347.39	n/a	173695	103
348.412	n/a	174206	101
349.312	n/a	174656	31
349.712	n/a	174856	32
350.112	n/a	175056	33
350.514	n/a	175257	34
350.914	n/a	175457	35
351.314	n/a	175657	36
352.114	n/a	176057	102
356.958	n/a	178479	252
357.968	n/a	178984	103
358.99	n/a	179495	101
359.89	n/a	179945	41
360.29	n/a	180145	98
360.71	n/a	180355	42
361.11	n/a	180555	43
361.512	n/a	180756	44
361.912	n/a	180956	45
362.312	n/a	181156	98
362.732	n/a	181366	98
363.152	n/a	181576	46
363.952	n/a	181976	102
364.21	n/a	182105	251
365.224	n/a	182612	103
366.244	n/a	183122	101
367.146	n/a	183573	21
367.546	n/a	183773	22
367.946	n/a	183973	23
368.346	n/a	184173	24
368.746	n/a	184373	25
369.146	n/a	184573	98
369.566	n/a	184783	26
370.368	n/a	185184	102
372.078	n/a	186039	251
373.09	n/a	186545	103
374.11	n/a	187055	101
375.01	n/a	187505	51
375.412	n/a	187706	98
375.832	n/a	187916	52
376.232	n/a	188116	53
376.632	n/a	188316	54
377.032	n/a	188516	55
377.432	n/a	188716	56
378.234	n/a	189117	102
378.386	n/a	189193	251
379.394	n/a	189697	103
380.414	n/a	190207	101
381.316	n/a	190658	71
381.716	n/a	190858	72
382.116	n/a	191058	73
382.516	n/a	191258	74
382.916	n/a	191458	75
383.316	n/a	191658	98
383.738	n/a	191869	98
384.158	n/a	192079	98
384.578	n/a	192289	98
384.998	n/a	192499	76
385.798	n/a	192899	102
389.222	n/a	194611	252
390.232	n/a	195116	103
391.252	n/a	195626	101
392.154	n/a	196077	41
392.554	n/a	196277	42
392.954	n/a	196477	43
393.354	n/a	196677	44
393.754	n/a	196877	45
394.154	n/a	197077	98
394.574	n/a	197287	46
395.376	n/a	197688	102
396.306	n/a	198153	252
397.316	n/a	198658	103
398.338	n/a	199169	101
399.238	n/a	199619	41
399.638	n/a	199819	42
400.038	n/a	200019	43
400.44	n/a	200220	44
400.84	n/a	200420	45
401.24	n/a	200620	98
401.66	n/a	200830	98
402.08	n/a	201040	98
402.5	n/a	201250	46
403.302	n/a	201651	102
405.062	n/a	202531	252
406.074	n/a	203037	103
407.094	n/a	203547	101
407.994	n/a	203997	51
408.394	n/a	204197	98
408.816	n/a	204408	52
409.216	n/a	204608	53
409.616	n/a	204808	54
410.016	n/a	205008	55
410.416	n/a	205208	98
410.836	n/a	205418	56
411.638	n/a	205819	102
412.022	n/a	206011	251
413.038	n/a	206519	103
414.06	n/a	207030	101
414.96	n/a	207480	21
415.36	n/a	207680	98
415.78	n/a	207890	22
416.18	n/a	208090	23
416.58	n/a	208290	24
416.982	n/a	208491	25
417.382	n/a	208691	98
417.802	n/a	208901	26
418.602	n/a	209301	102
421.41	n/a	210705	251
422.424	n/a	211212	103
423.446	n/a	211723	101
424.346	n/a	212173	31
424.746	n/a	212373	98
425.168	n/a	212584	32
425.568	n/a	212784	33
425.968	n/a	212984	34
426.368	n/a	213184	35
426.768	n/a	213384	98
427.188	n/a	213594	98
427.608	n/a	213804	98
428.03	n/a	214015	36
428.83	n/a	214415	102
429.646	n/a	214823	252
430.66	n/a	215330	103
431.682	n/a	215841	101
432.582	n/a	216291	11
432.982	n/a	216491	98
433.402	n/a	216701	12
433.804	n/a	216902	13
434.204	n/a	217102	14
434.604	n/a	217302	15
435.004	n/a	217502	98
435.424	n/a	217712	98
435.844	n/a	217922	98
436.266	n/a	218133	98
436.686	n/a	218343	16
437.486	n/a	218743	102
437.85	n/a	218925	251
438.866	n/a	219433	103
439.888	n/a	219944	101
440.788	n/a	220394	51
441.188	n/a	220594	98
441.608	n/a	220804	52
442.01	n/a	221005	53
442.41	n/a	221205	54
442.81	n/a	221405	55
443.21	n/a	221605	98
443.63	n/a	221815	98
444.05	n/a	222025	98
444.47	n/a	222235	56
445.272	n/a	222636	102
445.374	n/a	222687	251
446.382	n/a	223191	103
447.404	n/a	223702	101
448.304	n/a	224152	21
448.704	n/a	224352	98
449.124	n/a	224562	22
449.524	n/a	224762	23
449.924	n/a	224962	24
450.326	n/a	225163	25
450.726	n/a	225363	98
451.146	n/a	225573	26
451.946	n/a	225973	102
453.362	n/a	226681	251
454.378	n/a	227189	103
455.398	n/a	227699	101
456.3	n/a	228150	31
456.7	n/a	228350	32
457.1	n/a	228550	33
457.5	n/a	228750	34
457.9	n/a	228950	35
458.3	n/a	229150	36
459.102	n/a	229551	102
460.786	n/a	230393	251
461.804	n/a	230902	103
462.824	n/a	231412	101
463.724	n/a	231862	11
464.126	n/a	232063	12
464.526	n/a	232263	13
464.926	n/a	232463	14
465.326	n/a	232663	15
465.726	n/a	232863	98
466.146	n/a	233073	16
466.948	n/a	233474	102
467.79	n/a	233895	251
468.798	n/a	234399	103
469.82	n/a	234910	101
470.72	n/a	235360	71
471.12	n/a	235560	72
471.52	n/a	235760	73
471.92	n/a	235960	74
472.322	n/a	236161	75
472.722	n/a	236361	76
473.522	n/a	236761	102
475.398	n/a	237699	252
476.414	n/a	238207	103
477.434	n/a	238717	101
478.336	n/a	239168	81
478.736	n/a	239368	82
479.136	n/a	239568	83
479.536	n/a	239768	84
479.936	n/a	239968	85
480.336	n/a	240168	98
480.758	n/a	240379	86
481.558	n/a	240779	102
482.086	n/a	241043	252
483.098	n/a	241549	103
484.12	n/a	242060	101
485.02	n/a	242510	51
485.42	n/a	242710	52
485.82	n/a	242910	53
486.222	n/a	243111	54
486.622	n/a	243311	55
487.022	n/a	243511	56
487.822	n/a	243911	102
488.502	n/a	244251	251
489.514	n/a	244757	103
490.534	n/a	245267	101
491.434	n/a	245717	61
491.836	n/a	245918	98
492.256	n/a	246128	62
492.656	n/a	246328	63
493.056	n/a	246528	64
493.456	n/a	246728	65
493.856	n/a	246928	98
494.276	n/a	247138	98
494.698	n/a	247349	66
495.498	n/a	247749	102
496.066	n/a	248033	251
497.078	n/a	248539	103
498.1	n/a	249050	101
499	n/a	249500	21
499.4	n/a	249700	22
499.8	n/a	249900	23
500.202	n/a	250101	24
500.602	n/a	250301	25
501.002	n/a	250501	98
501.422	n/a	250711	98
501.842	n/a	250921	98
502.262	n/a	251131	26
503.064	n/a	251532	102
503.378	n/a	251689	251
504.394	n/a	252197	103
505.414	n/a	252707	101
506.316	n/a	253158	31
506.716	n/a	253358	32
507.116	n/a	253558	33
507.516	n/a	253758	34
507.916	n/a	253958	35
508.316	n/a	254158	98
508.738	n/a	254369	36
509.538	n/a	254769	102
510.554	n/a	255277	252
511.57	n/a	255785	103
512.59	n/a	256295	101
513.49	n/a	256745	31
513.892	n/a	256946	98
514.312	n/a	257156	32
514.712	n/a	257356	33
515.112	n/a	257556	34
515.512	n/a	257756	35
515.912	n/a	257956	98
516.332	n/a	258166	36
517.134	n/a	258567	102
518.654	n/a	259327	252
519.666	n/a	259833	103
520.686	n/a	260343	101
521.586	n/a	260793	21
521.986	n/a	260993	98
522.408	n/a	261204	22
522.808	n/a	261404	23
523.208	n/a	261604	24
523.608	n/a	261804	25
524.008	n/a	262004	98
524.428	n/a	262214	26
525.23	n/a	262615	102
525.642	n/a	262821	251
526.65	n/a	263325	103
527.67	n/a	263835	101
528.572	n/a	264286	71
528.972	n/a	264486	72
529.372	n/a	264686	73
529.772	n/a	264886	74
530.172	n/a	265086	75
530.574	n/a	265287	76
531.374	n/a	265687	102
533.178	n/a	266589	252
534.196	n/a	267098	103
535.216	n/a	267608	101
536.116	n/a	268058	11
536.518	n/a	268259	98
536.938	n/a	268469	12
537.338	n/a	268669	13
537.738	n/a	268869	14
538.138	n/a	269069	15
538.538	n/a	269269	98
538.96	n/a	269480	98
539.38	n/a	269690	16
540.18	n/a	270090	102
540.882	n/a	270441	251
541.892	n/a	270946	103
542.912	n/a	271456	101
543.812	n/a	271906	81
544.212	n/a	272106	82
544.614	n/a	272307	83
545.014	n/a	272507	84
545.414	n/a	272707	85
545.814	n/a	272907	98
546.234	n/a	273117	98
546.654	n/a	273327	86
547.456	n/a	273728	102
549.33	n/a	274665	252
550.348	n/a	275174	103
551.368	n/a	275684	101
552.268	n/a	276134	61
552.668	n/a	276334	62
553.07	n/a	276535	63
553.47	n/a	276735	64
553.87	n/a	276935	65
554.27	n/a	277135	98
554.69	n/a	277345	66
555.49	n/a	277745	102
557.802	n/a	278901	251
558.814	n/a	279407	103
559.834	n/a	279917	101
560.734	n/a	280367	41
561.136	n/a	280568	42
561.536	n/a	280768	43
561.936	n/a	280968	44
562.336	n/a	281168	45
562.736	n/a	281368	98
563.156	n/a	281578	98
563.576	n/a	281788	46
564.378	n/a	282189	102
565.226	n/a	282613	252
566.238	n/a	283119	130
569.24	n/a	284620	130
573.462	n/a	286731	250
574.474	n/a	287237	103
575.496	n/a	287748	101
576.396	n/a	288198	71
576.796	n/a	288398	98
577.216	n/a	288608	72
577.616	n/a	288808	73
578.018	n/a	289009	74
578.418	n/a	289209	75
578.818	n/a	289409	98
579.238	n/a	289619	76
580.038	n/a	290019	102
581.218	n/a	290609	252
582.23	n/a	291115	103
583.252	n/a	291626	101
584.152	n/a	292076	31
584.552	n/a	292276	98
584.972	n/a	292486	32
585.372	n/a	292686	33
585.772	n/a	292886	34
586.174	n/a	293087	35
586.574	n/a	293287	98
586.994	n/a	293497	36
587.794	n/a	293897	102
588.866	n/a	294433	252
589.876	n/a	294938	103
590.896	n/a	295448	101
591.798	n/a	295899	61
592.198	n/a	296099	62
592.598	n/a	296299	191
592.6	n/a	296300	63
592.998	n/a	296499	64
593.398	n/a	296699	65
593.798	n/a	296899	98
594.218	n/a	297109	98
594.64	n/a	297320	66
595.44	n/a	297720	102
597.162	n/a	298581	251
598.172	n/a	299086	103
599.192	n/a	299596	101
600.094	n/a	300047	21
600.494	n/a	300247	98
600.914	n/a	300457	22
601.314	n/a	300657	23
601.714	n/a	300857	24
602.114	n/a	301057	25
602.514	n/a	301257	98
602.916	n/a	301458	98
603.316	n/a	301658	98
603.716	n/a	301858	98
604.116	n/a	302058	26
604.916	n/a	302458	102
605.634	n/a	302817	251
606.648	n/a	303324	103
607.668	n/a	303834	101
608.57	n/a	304285	61
608.97	n/a	304485	98
609.39	n/a	304695	62
609.79	n/a	304895	63
610.19	n/a	305095	64
610.59	n/a	305295	65
610.99	n/a	305495	98
611.412	n/a	305706	98
611.832	n/a	305916	66
612.632	n/a	306316	102
613.654	n/a	306827	251
614.664	n/a	307332	103
615.684	n/a	307842	101
616.584	n/a	308292	41
616.986	n/a	308493	42
617.386	n/a	308693	43
617.786	n/a	308893	44
618.186	n/a	309093	45
618.586	n/a	309293	46
619.386	n/a	309693	102
622.55	n/a	311275	252
623.56	n/a	311780	103
624.58	n/a	312290	101
625.482	n/a	312741	31
625.882	n/a	312941	32
626.282	n/a	313141	33
626.682	n/a	313341	34
627.082	n/a	313541	35
627.482	n/a	313741	98
627.904	n/a	313952	98
628.324	n/a	314162	98
628.744	n/a	314372	36
629.544	n/a	314772	102
630.27	n/a	315135	252
631.286	n/a	315643	103
632.306	n/a	316153	101
633.206	n/a	316603	61
633.608	n/a	316804	62
634.008	n/a	317004	63
634.408	n/a	317204	64
634.808	n/a	317404	65
635.208	n/a	317604	98
635.628	n/a	317814	66
636.43	n/a	318215	102
636.986	n/a	318493	251
638	n/a	319000	103
639.022	n/a	319511	101
639.922	n/a	319961	51
640.322	n/a	320161	98
640.742	n/a	320371	52
641.142	n/a	320571	53
641.542	n/a	320771	54
641.944	n/a	320972	55
642.344	n/a	321172	98
642.764	n/a	321382	98
643.184	n/a	321592	56
643.984	n/a	321992	102
644.79	n/a	322395	251
645.806	n/a	322903	103
646.826	n/a	323413	101
647.738	n/a	323869	71
648.138	n/a	324069	72
648.538	n/a	324269	73
648.938	n/a	324469	74
649.338	n/a	324669	75
649.738	n/a	324869	76
650.54	n/a	325270	102
651.538	n/a	325769	252
652.55	n/a	326275	103
653.572	n/a	326786	101
654.472	n/a	327236	31
654.872	n/a	327436	32
655.272	n/a	327636	33
655.674	n/a	327837	34
656.074	n/a	328037	35
656.474	n/a	328237	36
657.274	n/a	328637	102
658.094	n/a	329047	252
659.106	n/a	329553	103
660.126	n/a	330063	101
661.028	n/a	330514	71
661.428	n/a	330714	98
661.848	n/a	330924	72
662.248	n/a	331124	73
662.648	n/a	331324	74
663.048	n/a	331524	75
663.448	n/a	331724	98
663.87	n/a	331935	76
664.67	n/a	332335	102
666.318	n/a	333159	252
667.332	n/a	333666	103
668.352	n/a	334176	101
669.252	n/a	334626	41
669.654	n/a	334827	98
670.074	n/a	335037	42
670.474	n/a	335237	43
670.874	n/a	335437	44
671.274	n/a	335637	45
671.674	n/a	335837	98
672.096	n/a	336048	98
672.516	n/a	336258	98
672.936	n/a	336468	98
673.356	n/a	336678	98
673.776	n/a	336888	46
674.576	n/a	337288	102
677.574	n/a	338787	252
678.59	n/a	339295	103
679.61	n/a	339805	101
680.512	n/a	340256	11
680.912	n/a	340456	98
681.332	n/a	340666	12
681.732	n/a	340866	13
682.132	n/a	341066	14
682.532	n/a	341266	15
682.932	n/a	341466	98
683.354	n/a	341677	16
684.154	n/a	342077	102
684.59	n/a	342295	251
685.604	n/a	342802	103
686.626	n/a	343313	101
687.526	n/a	343763	41
687.926	n/a	343963	42
688.326	n/a	344163	43
688.738	n/a	344369	44
689.138	n/a	344569	45
689.538	n/a	344769	98
689.958	n/a	344979	98
690.378	n/a	345189	98
690.798	n/a	345399	98
691.218	n/a	345609	46
692.02	n/a	346010	102
693.006	n/a	346503	252
694.02	n/a	347010	103
695.042	n/a	347521	101
695.942	n/a	347971	51
696.342	n/a	348171	98
696.762	n/a	348381	52
697.164	n/a	348582	53
697.564	n/a	348782	54
697.964	n/a	348982	55
698.364	n/a	349182	98
698.784	n/a	349392	56
699.584	n/a	349792	102
700.906	n/a	350453	251
701.916	n/a	350958	103
702.938	n/a	351469	101
703.838	n/a	351919	61
704.238	n/a	352119	62
704.638	n/a	352319	63
705.038	n/a	352519	64
705.44	n/a	352720	65
705.84	n/a	352920	98
706.26	n/a	353130	66
707.06	n/a	353530	102
708.67	n/a	354335	251
709.682	n/a	354841	103
710.702	n/a	355351	101
711.604	n/a	355802	81
712.004	n/a	356002	82
712.404	n/a	356202	83
712.804	n/a	356402	84
713.204	n/a	356602	85
713.604	n/a	356802	98
714.026	n/a	357013	98
714.446	n/a	357223	98
714.866	n/a	357433	86
715.666	n/a	357833	102
716.354	n/a	358177	252
717.368	n/a	358684	103
718.388	n/a	359194	101
719.29	n/a	359645	31
719.69	n/a	359845	32
720.09	n/a	360045	33
720.49	n/a	360245	34
720.89	n/a	360445	35
721.29	n/a	360645	98
721.71	n/a	360855	36
722.512	n/a	361256	102
724.586	n/a	362293	251
725.604	n/a	362802	103
726.624	n/a	363312	101
727.524	n/a	363762	71
727.926	n/a	363963	72
728.326	n/a	364163	73
728.726	n/a	364363	74
729.126	n/a	364563	75
729.526	n/a	364763	98
729.946	n/a	364973	98
730.368	n/a	365184	76
731.168	n/a	365584	102
731.85	n/a	365925	251
732.858	n/a	366429	103
733.88	n/a	366940	101
734.78	n/a	367390	61
735.18	n/a	367590	98
735.6	n/a	367800	62
736.002	n/a	368001	63
736.402	n/a	368201	64
736.802	n/a	368401	65
737.202	n/a	368601	66
738.002	n/a	369001	102
738.422	n/a	369211	251
739.434	n/a	369717	103
740.454	n/a	370227	101
741.354	n/a	370677	81
741.756	n/a	370878	98
742.176	n/a	371088	82
742.576	n/a	371288	83
742.976	n/a	371488	84
743.376	n/a	371688	85
743.776	n/a	371888	98
744.198	n/a	372099	98
744.618	n/a	372309	98
745.038	n/a	372519	98
745.458	n/a	372729	86
746.258	n/a	373129	102
747.35	n/a	373675	252
748.36	n/a	374180	103
749.38	n/a	374690	101
750.282	n/a	375141	81
750.682	n/a	375341	98
751.102	n/a	375551	82
751.502	n/a	375751	83
751.902	n/a	375951	84
752.302	n/a	376151	85
752.704	n/a	376352	98
753.124	n/a	376562	98
753.544	n/a	376772	98
753.964	n/a	376982	86
754.764	n/a	377382	102
755.89	n/a	377945	251
756.906	n/a	378453	103
757.928	n/a	378964	101
758.828	n/a	379414	51
759.228	n/a	379614	52
759.628	n/a	379814	53
760.028	n/a	380014	54
760.428	n/a	380214	55
760.83	n/a	380415	98
761.25	n/a	380625	56
762.05	n/a	381025	102
762.39	n/a	381195	251
763.4	n/a	381700	103
764.422	n/a	382211	101
765.322	n/a	382661	21
765.722	n/a	382861	98
766.142	n/a	383071	22
766.544	n/a	383272	23
766.944	n/a	383472	24
767.344	n/a	383672	25
767.744	n/a	383872	98
768.164	n/a	384082	26
768.964	n/a	384482	102
769.378	n/a	384689	251
770.386	n/a	385193	130
773.388	n/a	386694	130
781.326	n/a	390663	250
782.334	n/a	391167	103
783.356	n/a	391678	101
784.256	n/a	392128	51
784.656	n/a	392328	98
785.076	n/a	392538	52
785.476	n/a	392738	53
785.878	n/a	392939	54
786.278	n/a	393139	55
786.678	n/a	393339	56
787.478	n/a	393739	102
788.25	n/a	394125	251
789.26	n/a	394630	103
790.28	n/a	395140	101
791.18	n/a	395590	81
791.582	n/a	395791	98
792.002	n/a	396001	82
792.402	n/a	396201	83
792.802	n/a	396401	84
793.202	n/a	396601	85
793.602	n/a	396801	98
794.022	n/a	397011	86
794.824	n/a	397412	102
795.43	n/a	397715	252
796.444	n/a	398222	103
797.466	n/a	398733	101
798.366	n/a	399183	41
798.766	n/a	399383	98
799.186	n/a	399593	42
799.586	n/a	399793	43
799.988	n/a	399994	44
800.388	n/a	400194	45
800.788	n/a	400394	98
801.208	n/a	400604	46
802.008	n/a	401004	102
802.682	n/a	401341	252
803.7	n/a	401850	103
804.72	n/a	402360	101
805.622	n/a	402811	81
806.022	n/a	403011	82
806.422	n/a	403211	83
806.822	n/a	403411	84
807.222	n/a	403611	85
807.622	n/a	403811	86
808.424	n/a	404212	102
809.234	n/a	404617	252
810.244	n/a	405122	103
811.266	n/a	405633	101
812.166	n/a	406083	51
812.566	n/a	406283	52
812.966	n/a	406483	53
813.366	n/a	406683	54
813.768	n/a	406884	55
814.168	n/a	407084	98
814.588	n/a	407294	98
815.008	n/a	407504	98
815.428	n/a	407714	98
815.848	n/a	407924	56
816.65	n/a	408325	102
817.198	n/a	408599	251
818.21	n/a	409105	103
819.232	n/a	409616	101
820.132	n/a	410066	41
820.532	n/a	410266	42
820.932	n/a	410466	43
821.332	n/a	410666	44
821.732	n/a	410866	45
822.134	n/a	411067	98
822.554	n/a	411277	98
822.974	n/a	411487	98
823.394	n/a	411697	46
824.194	n/a	412097	102
824.674	n/a	412337	252
825.686	n/a	412843	103
826.706	n/a	413353	101
827.608	n/a	413804	61
828.008	n/a	414004	62
828.408	n/a	414204	63
828.808	n/a	414404	64
829.208	n/a	414604	65
829.608	n/a	414804	98
830.028	n/a	415014	66
830.83	n/a	415415	102
831.43	n/a	415715	251
832.44	n/a	416220	103
833.462	n/a	416731	101
834.362	n/a	417181	21
834.762	n/a	417381	98
835.182	n/a	417591	22
835.582	n/a	417791	23
835.984	n/a	417992	24
836.384	n/a	418192	25
836.784	n/a	418392	98
837.204	n/a	418602	26
838.004	n/a	419002	102
839.222	n/a	419611	251
840.236	n/a	420118	103
841.258	n/a	420629	101
842.158	n/a	421079	81
842.558	n/a	421279	98
842.978	n/a	421489	82
843.378	n/a	421689	83
843.778	n/a	421889	84
844.18	n/a	422090	85
844.58	n/a	422290	98
845	n/a	422500	86
845.8	n/a	422900	102
846.35	n/a	423175	252
847.362	n/a	423681	103
848.382	n/a	424191	101
849.282	n/a	424641	21
849.684	n/a	424842	22
850.084	n/a	425042	23
850.484	n/a	425242	24
850.884	n/a	425442	25
851.284	n/a	425642	98
851.704	n/a	425852	26
852.506	n/a	426253	102
855.01	n/a	427505	251
856.028	n/a	428014	103
857.048	n/a	428524	101
857.948	n/a	428974	51
858.35	n/a	429175	52
858.75	n/a	429375	53
859.15	n/a	429575	54
859.55	n/a	429775	55
859.95	n/a	429975	98
860.37	n/a	430185	56
861.172	n/a	430586	102
862.13	n/a	431065	251
863.142	n/a	431571	103
864.164	n/a	432082	101
865.064	n/a	432532	21
865.464	n/a	432732	22
865.864	n/a	432932	23
866.266	n/a	433133	24
866.666	n/a	433333	25
867.066	n/a	433533	26
867.866	n/a	433933	102
869.698	n/a	434849	251
870.708	n/a	435354	103
871.728	n/a	435864	101
872.63	n/a	436315	31
873.03	n/a	436515	32
873.43	n/a	436715	33
873.83	n/a	436915	34
874.23	n/a	437115	35
874.632	n/a	437316	98
875.052	n/a	437526	98
875.472	n/a	437736	98
875.892	n/a	437946	36
876.692	n/a	438346	102
877.534	n/a	438767	252
878.544	n/a	439272	103
879.564	n/a	439782	101
880.466	n/a	440233	21
880.866	n/a	440433	98
881.286	n/a	440643	22
881.686	n/a	440843	23
882.086	n/a	441043	24
882.486	n/a	441243	25
882.886	n/a	441443	98
883.308	n/a	441654	98
883.728	n/a	441864	98
884.148	n/a	442074	98
884.568	n/a	442284	98
884.988	n/a	442494	26
885.79	n/a	442895	102
886.31	n/a	443155	251
887.32	n/a	443660	103
888.34	n/a	444170	101
889.242	n/a	444621	81
889.642	n/a	444821	82
890.042	n/a	445021	83
890.442	n/a	445221	84
890.842	n/a	445421	85
891.244	n/a	445622	98
891.664	n/a	445832	98
892.084	n/a	446042	86
892.884	n/a	446442	102
893.522	n/a	446761	252
894.536	n/a	447268	103
895.556	n/a	447778	101
896.456	n/a	448228	61
896.858	n/a	448429	62
897.258	n/a	448629	63
897.658	n/a	448829	64
898.058	n/a	449029	65
898.458	n/a	449229	98
898.878	n/a	449439	98
899.298	n/a	449649	66
900.1	n/a	450050	102
900.706	n/a	450353	251
901.72	n/a	450860	103
902.742	n/a	451371	101
903.642	n/a	451821	61
904.042	n/a	452021	62
904.442	n/a	452221	63
904.842	n/a	452421	64
905.244	n/a	452622	65
905.644	n/a	452822	98
906.064	n/a	453032	98
906.484	n/a	453242	98
906.904	n/a	453452	66
907.704	n/a	453852	102
908.634	n/a	454317	251
909.646	n/a	454823	103
910.668	n/a	455334	101
911.568	n/a	455784	11
911.968	n/a	455984	12
912.368	n/a	456184	13
912.768	n/a	456384	14
913.168	n/a	456584	15
913.57	n/a	456785	98
913.99	n/a	456995	98
914.41	n/a	457205	98
914.83	n/a	457415	16
915.63	n/a	457815	102
916.542	n/a	458271	251
917.552	n/a	458776	103
918.572	n/a	459286	101
919.474	n/a	459737	51
919.874	n/a	459937	52
920.274	n/a	460137	53
920.674	n/a	460337	54
921.074	n/a	460537	55
921.474	n/a	460737	98
921.896	n/a	460948	56
922.696	n/a	461348	102
923.086	n/a	461543	251
924.096	n/a	462048	103
925.118	n/a	462559	101
926.018	n/a	463009	11
926.418	n/a	463209	98
926.838	n/a	463419	12
927.24	n/a	463620	13
927.64	n/a	463820	14
928.04	n/a	464020	15
928.44	n/a	464220	98
928.86	n/a	464430	98
929.28	n/a	464640	98
929.7	n/a	464850	98
930.122	n/a	465061	16
930.922	n/a	465461	102
931.854	n/a	465927	251
932.862	n/a	466431	103
933.884	n/a	466942	101
934.784	n/a	467392	81
935.184	n/a	467592	98
935.606	n/a	467803	82
936.006	n/a	468003	83
936.406	n/a	468203	84
936.806	n/a	468403	85
937.206	n/a	468603	86
938.006	n/a	469003	102
939.35	n/a	469675	252
940.358	n/a	470179	103
941.38	n/a	470690	101
942.28	n/a	471140	61
942.68	n/a	471340	98
943.1	n/a	471550	62
943.5	n/a	471750	63
943.902	n/a	471951	64
944.302	n/a	472151	65
944.702	n/a	472351	66
945.502	n/a	472751	102
947.102	n/a	473551	251
948.114	n/a	474057	103
949.134	n/a	474567	101
950.036	n/a	475018	71
950.436	n/a	475218	98
950.856	n/a	475428	72
951.256	n/a	475628	73
951.656	n/a	475828	74
952.056	n/a	476028	75
952.458	n/a	476229	98
952.878	n/a	476439	76
953.678	n/a	476839	102
954.338	n/a	477169	252
955.35	n/a	477675	103
956.37	n/a	478185	101
957.27	n/a	478635	11
957.67	n/a	478835	98
958.092	n/a	479046	12
958.492	n/a	479246	13
958.892	n/a	479446	14
959.292	n/a	479646	15
959.692	n/a	479846	98
960.112	n/a	480056	98
960.534	n/a	480267	98
960.954	n/a	480477	16
961.754	n/a	480877	102
962.474	n/a	481237	251
963.486	n/a	481743	103
964.506	n/a	482253	101
965.406	n/a	482703	61
965.806	n/a	482903	98
966.228	n/a	483114	62
966.628	n/a	483314	63
967.028	n/a	483514	64
967.428	n/a	483714	65
967.828	n/a	483914	98
968.248	n/a	484124	66
969.05	n/a	484525	102
969.546	n/a	484773	251
970.56	n/a	485280	130
1004.848	n/a	502424	250
1005.866	n/a	502933	130
1008.438	n/a	504219	250
1009.448	n/a	504724	103
1010.468	n/a	505234	101
1011.37	n/a	505685	99
1011.77	n/a	505885	99
1012.17	n/a	506085	99
1012.57	n/a	506285	99
1012.97	n/a	506485	99
1013.372	n/a	506686	99
1013.772	n/a	506886	99
1014.872	n/a	507436	102
1015.622	n/a	507811	252
1016.634	n/a	508317	103
1017.654	n/a	508827	101
1018.554	n/a	509277	111
1018.956	n/a	509478	98
1019.356	n/a	509678	112
1019.756	n/a	509878	98
1020.156	n/a	510078	98
1020.556	n/a	510278	113
1020.956	n/a	510478	114
1021.356	n/a	510678	115
1021.758	n/a	510879	116
1022.558	n/a	511279	102
1024.034	n/a	512017	252
1025.05	n/a	512525	103
1026.07	n/a	513035	101
1026.97	n/a	513485	121
1027.372	n/a	513686	122
1027.772	n/a	513886	98
1028.172	n/a	514086	98
1028.572	n/a	514286	98
1028.972	n/a	514486	123
1029.372	n/a	514686	124
1029.772	n/a	514886	125
1030.174	n/a	515087	126
1030.974	n/a	515487	102
1031.618	n/a	515809	251
1032.634	n/a	516317	103
1033.656	n/a	516828	101
1034.556	n/a	517278	111
1034.956	n/a	517478	112
1035.356	n/a	517678	98
1035.758	n/a	517879	113
1036.158	n/a	518079	114
1036.558	n/a	518279	115
1036.958	n/a	518479	98
1037.358	n/a	518679	116
1038.158	n/a	519079	102
1038.978	n/a	519489	252
1039.99	n/a	519995	103
1041.012	n/a	520506	101
1041.912	n/a	520956	111
1042.312	n/a	521156	112
1042.712	n/a	521356	98
1043.112	n/a	521556	113
1043.512	n/a	521756	114
1043.914	n/a	521957	115
1044.314	n/a	522157	116
1045.114	n/a	522557	102
1045.714	n/a	522857	252
1046.726	n/a	523363	103
1047.746	n/a	523873	101
1048.646	n/a	524323	111
1049.046	n/a	524523	112
1049.448	n/a	524724	98
1049.848	n/a	524924	113
1050.248	n/a	525124	114
1050.648	n/a	525324	115
1051.048	n/a	525524	116
1051.848	n/a	525924	102
1053.718	n/a	526859	252
1054.73	n/a	527365	103
1055.752	n/a	527876	101
1056.652	n/a	528326	121
1057.052	n/a	528526	122
1057.452	n/a	528726	98
1057.854	n/a	528927	98
1058.254	n/a	529127	123
1058.654	n/a	529327	124
1059.054	n/a	529527	125
1059.454	n/a	529727	98
1059.854	n/a	529927	126
1060.656	n/a	530328	102
1061.13	n/a	530565	251
1062.146	n/a	531073	103
1063.166	n/a	531583	101
1064.068	n/a	532034	111
1064.468	n/a	532234	112
1064.868	n/a	532434	98
1065.268	n/a	532634	113
1065.668	n/a	532834	114
1066.07	n/a	533035	115
1066.47	n/a	533235	98
1066.87	n/a	533435	116
1067.67	n/a	533835	102
1068.058	n/a	534029	252
1069.072	n/a	534536	103
1070.092	n/a	535046	101
1070.992	n/a	535496	111
1071.392	n/a	535696	112
1071.794	n/a	535897	113
1072.194	n/a	536097	114
1072.594	n/a	536297	115
1072.994	n/a	536497	98
1073.394	n/a	536697	98
1073.794	n/a	536897	116
1074.596	n/a	537298	102
1075.29	n/a	537645	251
1076.306	n/a	538153	103
1077.328	n/a	538664	101
1078.228	n/a	539114	121
1078.628	n/a	539314	122
1079.028	n/a	539514	98
1079.428	n/a	539714	98
1079.828	n/a	539914	98
1080.23	n/a	540115	123
1080.63	n/a	540315	98
1081.03	n/a	540515	124
1081.43	n/a	540715	125
1081.83	n/a	540915	98
1082.23	n/a	541115	126
1083.032	n/a	541516	102
1083.35	n/a	541675	251
1084.362	n/a	542181	103
1085.384	n/a	542692	101
1086.284	n/a	543142	121
1086.684	n/a	543342	98
1087.084	n/a	543542	122
1087.484	n/a	543742	98
1087.884	n/a	543942	98
1088.286	n/a	544143	123
1088.686	n/a	544343	124
1089.086	n/a	544543	125
1089.486	n/a	544743	98
1089.886	n/a	544943	98
1090.286	n/a	545143	126
1091.088	n/a	545544	102
1091.554	n/a	545777	251
1092.568	n/a	546284	103
1093.588	n/a	546794	101
1094.49	n/a	547245	111
1094.89	n/a	547445	98
1095.29	n/a	547645	112
1095.69	n/a	547845	98
1096.09	n/a	548045	98
1096.492	n/a	548246	113
1096.892	n/a	548446	114
1097.292	n/a	548646	115
1097.692	n/a	548846	98
1098.092	n/a	549046	116
1098.892	n/a	549446	102
1099.266	n/a	549633	252
1100.274	n/a	550137	103
1101.294	n/a	550647	101
1102.196	n/a	551098	111
1102.596	n/a	551298	112
1102.996	n/a	551498	98
1103.396	n/a	551698	98
1103.796	n/a	551898	113
1104.196	n/a	552098	114
1104.596	n/a	552298	115
1104.998	n/a	552499	116
1105.798	n/a	552899	102
1106.678	n/a	553339	252
1107.69	n/a	553845	103
1108.71	n/a	554355	101
1109.61	n/a	554805	121
1110.01	n/a	555005	122
1110.412	n/a	555206	98
1110.812	n/a	555406	123
1111.212	n/a	555606	124
1111.612	n/a	555806	125
1112.012	n/a	556006	126
1112.812	n/a	556406	102
1113.47	n/a	556735	251
1114.484	n/a	557242	103
1115.504	n/a	557752	101
1116.406	n/a	558203	111
1116.806	n/a	558403	112
1117.206	n/a	558603	98
1117.606	n/a	558803	113
1118.006	n/a	559003	114
1118.406	n/a	559203	115
1118.808	n/a	559404	98
1119.208	n/a	559604	116
1120.008	n/a	560004	102
1120.83	n/a	560415	252
1121.84	n/a	560920	103
1122.86	n/a	561430	101
1123.76	n/a	561880	111
1124.162	n/a	562081	112
1124.562	n/a	562281	98
1124.962	n/a	562481	113
1125.362	n/a	562681	114
1125.762	n/a	562881	115
1126.162	n/a	563081	116
1126.962	n/a	563481	102
1128.738	n/a	564369	252
1129.756	n/a	564878	103
1130.776	n/a	565388	101
1131.676	n/a	565838	111
1132.076	n/a	566038	112
1132.478	n/a	566239	98
1132.878	n/a	566439	113
1133.278	n/a	566639	114
1133.678	n/a	566839	115
1134.088	n/a	567044	116
1134.888	n/a	567444	102
1135.802	n/a	567901	252
1136.81	n/a	568405	103
1137.83	n/a	568915	101
1138.732	n/a	569366	121
1139.132	n/a	569566	122
1139.532	n/a	569766	98
1139.932	n/a	569966	98
1140.332	n/a	570166	123
1140.732	n/a	570366	124
1141.134	n/a	570567	125
1141.534	n/a	570767	126
1142.334	n/a	571167	102
1142.878	n/a	571439	251
1143.896	n/a	571948	103
1144.916	n/a	572458	101
1145.816	n/a	572908	121
1146.216	n/a	573108	122
1146.618	n/a	573309	98
1147.018	n/a	573509	123
1147.418	n/a	573709	124
1147.818	n/a	573909	125
1148.218	n/a	574109	126
1149.018	n/a	574509	102
1149.89	n/a	574945	251
1150.9	n/a	575450	103
1151.922	n/a	575961	101
1152.822	n/a	576411	111
1153.222	n/a	576611	112
1153.622	n/a	576811	98
1154.022	n/a	577011	113
1154.422	n/a	577211	114
1154.824	n/a	577412	115
1155.224	n/a	577612	116
1156.024	n/a	578012	102
1156.538	n/a	578269	252
1157.556	n/a	578778	103
1158.576	n/a	579288	101
1159.476	n/a	579738	111
1159.876	n/a	579938	112
1160.276	n/a	580138	98
1160.678	n/a	580339	113
1161.078	n/a	580539	114
1161.478	n/a	580739	115
1161.878	n/a	580939	98
1162.278	n/a	581139	116
1163.08	n/a	581540	102
1164.006	n/a	582003	252
1165.02	n/a	582510	103
1166.042	n/a	583021	101
1166.942	n/a	583471	111
1167.342	n/a	583671	112
1167.742	n/a	583871	98
1168.142	n/a	584071	98
1168.542	n/a	584271	98
1168.944	n/a	584472	113
1169.344	n/a	584672	114
1169.744	n/a	584872	115
1170.144	n/a	585072	98
1170.544	n/a	585272	116
1171.344	n/a	585672	102
1171.726	n/a	585863	252
1172.736	n/a	586368	103
1173.756	n/a	586878	101
1174.658	n/a	587329	111
1175.058	n/a	587529	112
1175.458	n/a	587729	98
1175.858	n/a	587929	113
1176.258	n/a	588129	114
1176.658	n/a	588329	115
1177.06	n/a	588530	116
1177.86	n/a	588930	102
1179.742	n/a	589871	252
1180.752	n/a	590376	103
1181.772	n/a	590886	101
1182.674	n/a	591337	121
1183.074	n/a	591537	122
1183.474	n/a	591737	98
1183.874	n/a	591937	98
1184.274	n/a	592137	123
1184.674	n/a	592337	124
1185.074	n/a	592537	125
1185.476	n/a	592738	98
1185.876	n/a	592938	98
1186.276	n/a	593138	126
1187.076	n/a	593538	102
1187.802	n/a	593901	251
1188.818	n/a	594409	103
1189.838	n/a	594919	101
1190.738	n/a	595369	111
1191.14	n/a	595570	98
1191.54	n/a	595770	98
1191.94	n/a	595970	112
1192.34	n/a	596170	98
1192.74	n/a	596370	113
1193.14	n/a	596570	114
1193.54	n/a	596770	115
1193.942	n/a	596971	116
1194.742	n/a	597371	102
1195.302	n/a	597651	252
1196.312	n/a	598156	103
1197.334	n/a	598667	101
1198.234	n/a	599117	111
1198.634	n/a	599317	98
1199.034	n/a	599517	112
1199.436	n/a	599718	98
1199.836	n/a	599918	113
1200.236	n/a	600118	114
1200.636	n/a	600318	115
1201.036	n/a	600518	116
1201.836	n/a	600918	102
1202.366	n/a	601183	252
1203.378	n/a	601689	103
1204.398	n/a	602199	101
1205.3	n/a	602650	111
1205.7	n/a	602850	112
1206.1	n/a	603050	98
1206.5	n/a	603250	113
1206.9	n/a	603450	114
1207.3	n/a	603650	115
1207.702	n/a	603851	116
1208.502	n/a	604251	102
1211.246	n/a	605623	252
1212.254	n/a	606127	103
1213.276	n/a	606638	101
1214.176	n/a	607088	121
1214.576	n/a	607288	98
1214.976	n/a	607488	122
1215.376	n/a	607688	98
1215.778	n/a	607889	123
1216.178	n/a	608089	124
1216.578	n/a	608289	125
1216.978	n/a	608489	126
1217.778	n/a	608889	102
1218.262	n/a	609131	251
1219.28	n/a	609640	103
1220.3	n/a	610150	101
1221.2	n/a	610600	111
1221.602	n/a	610801	98
1222.002	n/a	611001	112
1222.402	n/a	611201	98
1222.802	n/a	611401	98
1223.202	n/a	611601	113
1223.602	n/a	611801	114
1224.002	n/a	612001	115
1224.404	n/a	612202	98
1224.804	n/a	612402	116
1225.604	n/a	612802	102
1226.922	n/a	613461	251
1227.936	n/a	613968	103
1228.956	n/a	614478	101
1229.858	n/a	614929	111
1230.258	n/a	615129	112
1230.658	n/a	615329	98
1231.058	n/a	615529	98
1231.458	n/a	615729	98
1231.858	n/a	615929	113
1232.258	n/a	616129	114
1232.66	n/a	616330	115
1233.06	n/a	616530	116
1233.86	n/a	616930	102
1235.526	n/a	617763	252
1236.542	n/a	618271	103
1237.562	n/a	618781	101
1238.464	n/a	619232	111
1238.864	n/a	619432	112
1239.264	n/a	619632	98
1239.664	n/a	619832	98
1240.064	n/a	620032	113
1240.464	n/a	620232	114
1240.866	n/a	620433	115
1241.266	n/a	620633	116
1242.066	n/a	621033	102
1243.354	n/a	621677	252
1244.368	n/a	622184	130
1247.37	n/a	623685	130
1249.718	n/a	624859	250
1250.732	n/a	625366	103
1251.752	n/a	625876	101
1252.654	n/a	626327	121
1253.054	n/a	626527	122
1253.454	n/a	626727	98
1253.854	n/a	626927	98
1254.254	n/a	627127	123
1254.656	n/a	627328	124
1255.056	n/a	627528	125
1255.456	n/a	627728	126
1256.256	n/a	628128	102
1259.138	n/a	629569	251
1260.148	n/a	630074	103
1261.17	n/a	630585	101
1262.07	n/a	631035	111
1262.47	n/a	631235	112
1262.87	n/a	631435	98
1263.272	n/a	631636	98
1263.672	n/a	631836	113
1264.072	n/a	632036	114
1264.472	n/a	632236	115
1264.872	n/a	632436	116
1265.672	n/a	632836	102
1268.682	n/a	634341	252
1269.696	n/a	634848	103
1270.716	n/a	635358	101
1271.618	n/a	635809	111
1272.018	n/a	636009	98
1272.418	n/a	636209	98
1272.818	n/a	636409	98
1273.218	n/a	636609	112
1273.618	n/a	636809	113
1274.018	n/a	637009	114
1274.42	n/a	637210	115
1274.82	n/a	637410	98
1275.22	n/a	637610	116
1276.02	n/a	638010	102
1276.47	n/a	638235	252
1277.482	n/a	638741	103
1278.502	n/a	639251	101
1279.402	n/a	639701	121
1279.804	n/a	639902	122
1280.204	n/a	640102	98
1280.604	n/a	640302	123
1281.004	n/a	640502	124
1281.404	n/a	640702	125
1281.804	n/a	640902	98
1282.204	n/a	641102	126
1283.006	n/a	641503	102
1283.55	n/a	641775	251
1284.566	n/a	642283	103
1285.588	n/a	642794	101
1286.488	n/a	643244	121
1286.888	n/a	643444	122
1287.288	n/a	643644	98
1287.688	n/a	643844	98
1288.09	n/a	644045	123
1288.49	n/a	644245	124
1288.89	n/a	644445	125
1289.29	n/a	644645	98
1289.69	n/a	644845	126
1290.49	n/a	645245	102
1292.534	n/a	646267	251
1293.544	n/a	646772	103
1294.564	n/a	647282	101
1295.464	n/a	647732	111
1295.864	n/a	647932	98
1296.266	n/a	648133	112
1296.666	n/a	648333	113
1297.066	n/a	648533	114
1297.466	n/a	648733	115
1297.866	n/a	648933	116
1298.666	n/a	649333	102
1299.598	n/a	649799	252
1300.608	n/a	650304	103
1301.628	n/a	650814	101
1302.53	n/a	651265	121
1302.93	n/a	651465	122
1303.33	n/a	651665	98
1303.73	n/a	651865	123
1304.13	n/a	652065	124
1304.532	n/a	652266	125
1304.932	n/a	652466	98
1305.332	n/a	652666	126
1306.132	n/a	653066	102
1306.686	n/a	653343	251
1307.704	n/a	653852	103
1308.724	n/a	654362	101
1309.624	n/a	654812	121
1310.026	n/a	655013	122
1310.426	n/a	655213	98
1310.826	n/a	655413	123
1311.226	n/a	655613	124
1311.626	n/a	655813	125
1312.026	n/a	656013	98
1312.426	n/a	656213	126
1313.228	n/a	656614	102
1314.03	n/a	657015	251
1315.038	n/a	657519	103
1316.06	n/a	658030	101
1316.96	n/a	658480	121
1317.36	n/a	658680	122
1317.76	n/a	658880	98
1318.16	n/a	659080	98
1318.562	n/a	659281	123
1318.962	n/a	659481	124
1319.362	n/a	659681	125
1319.762	n/a	659881	126
1320.562	n/a	660281	102
1321.118	n/a	660559	251
1322.134	n/a	661067	103
1323.154	n/a	661577	101
1324.056	n/a	662028	239
1324.058	n/a	662029	111
1324.456	n/a	662228	112
1324.856	n/a	662428	98
1325.256	n/a	662628	113
1325.656	n/a	662828	114
1326.056	n/a	663028	115
1326.456	n/a	663228	98
1326.858	n/a	663429	116
1327.658	n/a	663829	102
1328.202	n/a	664101	252
1329.218	n/a	664609	103
1330.24	n/a	665120	101
1331.14	n/a	665570	121
1331.54	n/a	665770	122
1331.94	n/a	665970	98
1332.342	n/a	666171	98
1332.742	n/a	666371	98
1333.142	n/a	666571	123
1333.542	n/a	666771	124
1333.942	n/a	666971	125
1334.342	n/a	667171	126
1335.144	n/a	667572	102
1335.578	n/a	667789	251
1336.594	n/a	668297	103
1337.614	n/a	668807	101
1338.516	n/a	669258	121
1338.916	n/a	669458	122
1339.316	n/a	669658	98
1339.716	n/a	669858	98
1340.116	n/a	670058	123
1340.516	n/a	670258	124
1340.918	n/a	670459	125
1341.318	n/a	670659	126
1342.118	n/a	671059	102
1342.674	n/a	671337	251
1343.69	n/a	671845	103
1344.71	n/a	672355	101
1345.61	n/a	672805	111
1346.01	n/a	673005	112
1346.412	n/a	673206	98
1346.812	n/a	673406	98
1347.212	n/a	673606	113
1347.612	n/a	673806	114
1348.012	n/a	674006	115
1348.412	n/a	674206	116
1349.214	n/a	674607	102
1350.222	n/a	675111	252
1351.234	n/a	675617	103
1352.256	n/a	676128	101
1353.156	n/a	676578	111
1353.556	n/a	676778	112
1353.956	n/a	676978	98
1354.356	n/a	677178	98
1354.758	n/a	677379	113
1355.158	n/a	677579	114
1355.558	n/a	677779	115
1355.958	n/a	677979	98
1356.358	n/a	678179	116
1357.158	n/a	678579	102
1362.726	n/a	681363	252
1363.744	n/a	681872	103
1364.764	n/a	682382	101
1365.666	n/a	682833	121
1366.066	n/a	683033	122
1366.466	n/a	683233	98
1366.866	n/a	683433	123
1367.266	n/a	683633	124
1367.666	n/a	683833	125
1368.066	n/a	684033	126
1368.868	n/a	684434	102
1369.994	n/a	684997	251
1371.008	n/a	685504	103
1372.03	n/a	686015	101
1372.93	n/a	686465	121
1373.33	n/a	686665	98
1373.73	n/a	686865	122
1374.132	n/a	687066	123
1374.532	n/a	687266	124
1374.932	n/a	687466	125
1375.332	n/a	687666	98
1375.732	n/a	687866	98
1376.132	n/a	688066	126
1376.934	n/a	688467	102
1377.954	n/a	688977	251
1378.964	n/a	689482	103
1379.986	n/a	689993	101
1380.886	n/a	690443	121
1381.286	n/a	690643	122
1381.686	n/a	690843	98
1382.086	n/a	691043	98
1382.488	n/a	691244	123
1382.888	n/a	691444	124
1383.288	n/a	691644	125
1383.688	n/a	691844	126
1384.488	n/a	692244	102
1385.126	n/a	692563	251
1386.14	n/a	693070	103
1387.16	n/a	693580	101
1388.062	n/a	694031	121
1388.462	n/a	694231	122
1388.862	n/a	694431	98
1389.262	n/a	694631	98
1389.662	n/a	694831	98
1390.062	n/a	695031	123
1390.464	n/a	695232	124
1390.864	n/a	695432	125
1391.264	n/a	695632	126
1392.064	n/a	696032	102
1392.506	n/a	696253	251
1393.516	n/a	696758	103
1394.536	n/a	697268	101
1395.436	n/a	697718	111
1395.836	n/a	697918	112
1396.238	n/a	698119	98
1396.638	n/a	698319	113
1397.038	n/a	698519	114
1397.438	n/a	698719	115
1397.838	n/a	698919	116
1398.638	n/a	699319	102
1399.35	n/a	699675	252
1400.36	n/a	700180	103
1401.38	n/a	700690	101
1402.282	n/a	701141	121
1402.682	n/a	701341	98
1403.082	n/a	701541	98
1403.482	n/a	701741	122
1403.882	n/a	701941	123
1404.282	n/a	702141	124
1404.684	n/a	702342	125
1405.084	n/a	702542	98
1405.484	n/a	702742	126
1406.284	n/a	703142	102
1406.738	n/a	703369	251
1407.746	n/a	703873	103
1408.766	n/a	704383	101
1409.666	n/a	704833	121
1410.068	n/a	705034	122
1410.468	n/a	705234	98
1410.868	n/a	705434	98
1411.268	n/a	705634	123
1411.668	n/a	705834	124
1412.068	n/a	706034	125
1412.468	n/a	706234	98
1412.87	n/a	706435	126
1413.67	n/a	706835	102
1414.386	n/a	707193	251
1415.4	n/a	707700	103
1416.422	n/a	708211	101
1417.322	n/a	708661	111
1417.722	n/a	708861	112
1418.122	n/a	709061	98
1418.524	n/a	709262	113
1418.924	n/a	709462	114
1419.324	n/a	709662	115
1419.724	n/a	709862	98
1420.124	n/a	710062	116
1420.924	n/a	710462	102
1425.782	n/a	712891	252
1426.8	n/a	713400	103
1427.82	n/a	713910	101
1428.72	n/a	714360	121
1429.12	n/a	714560	98
1429.522	n/a	714761	122
1429.922	n/a	714961	98
1430.322	n/a	715161	98
1430.722	n/a	715361	123
1431.122	n/a	715561	124
1431.522	n/a	715761	125
1431.922	n/a	715961	126
1432.724	n/a	716362	102
1433.226	n/a	716613	251
1434.234	n/a	717117	103
1435.256	n/a	717628	101
1436.156	n/a	718078	121
1436.556	n/a	718278	98
1436.956	n/a	718478	122
1437.356	n/a	718678	98
1437.758	n/a	718879	123
1438.158	n/a	719079	124
1438.558	n/a	719279	125
1438.958	n/a	719479	98
1439.358	n/a	719679	98
1439.758	n/a	719879	126
1440.56	n/a	720280	102
1441.858	n/a	720929	251
1442.87	n/a	721435	103
1443.892	n/a	721946	101
1444.792	n/a	722396	121
1445.192	n/a	722596	98
1445.592	n/a	722796	122
1445.992	n/a	722996	123
1446.394	n/a	723197	124
1446.794	n/a	723397	125
1447.194	n/a	723597	98
1447.594	n/a	723797	126
1448.394	n/a	724197	102
1449.158	n/a	724579	251
1450.166	n/a	725083	103
1451.186	n/a	725593	101
1452.088	n/a	726044	111
1452.488	n/a	726244	112
1452.888	n/a	726444	98
1453.288	n/a	726644	98
1453.688	n/a	726844	98
1454.088	n/a	727044	98
1454.49	n/a	727245	113
1454.89	n/a	727445	114
1455.29	n/a	727645	115
1455.69	n/a	727845	116
1456.49	n/a	728245	102
1458.05	n/a	729025	252
1459.062	n/a	729531	103
1459.634	n/a	729817	251
1460.084	n/a	730042	101
1460.984	n/a	730492	121
1461.384	n/a	730692	122
1461.784	n/a	730892	98
1462.184	n/a	731092	123
1462.584	n/a	731292	124
1462.986	n/a	731493	125
1463.386	n/a	731693	98
1463.786	n/a	731893	126
1464.586	n/a	732293	102
1465.406	n/a	732703	251
1466.418	n/a	733209	103
1467.438	n/a	733719	101
1468.34	n/a	734170	121
1468.74	n/a	734370	122
1469.14	n/a	734570	98
1469.54	n/a	734770	98
1469.94	n/a	734970	123
1470.34	n/a	735170	124
1470.74	n/a	735370	125
1471.142	n/a	735571	126
1471.942	n/a	735971	102
1472.878	n/a	736439	251
1473.894	n/a	736947	103
1474.914	n/a	737457	101
1475.814	n/a	737907	121
1476.214	n/a	738107	122
1476.616	n/a	738308	98
1477.016	n/a	738508	98
1477.416	n/a	738708	123
1477.816	n/a	738908	124
1478.216	n/a	739108	125
1478.616	n/a	739308	98
1479.016	n/a	739508	126
1479.818	n/a	739909	102
1480.578	n/a	740289	251
1481.588	n/a	740794	103
1482.61	n/a	741305	101
1483.51	n/a	741755	121
1483.91	n/a	741955	98
1484.31	n/a	742155	122
1484.71	n/a	742355	98
1485.112	n/a	742556	255
1485.114	n/a	742557	123
1485.512	n/a	742756	124
1485.912	n/a	742956	125
1486.312	n/a	743156	98
1486.712	n/a	743356	126
1487.512	n/a	743756	102
1488.07	n/a	744035	251
1489.084	n/a	744542	131
1492.086	n/a	746043	131
1500.102	n/a	750051	131
